single point
31001            25.52800                   1.0    0.0
31002           2.3902526E-02               1.0    0.0
31003            14.33966                   1.0    0.0
31004            3.409944                   1.0    0.0
31005            2.592605                   1.0    0.0
31006           0.8738893                   1.0    0.0
31007            5.618967                   1.0    0.0
31008            46.50015                   1.0    0.0
31015           0.5445448                   1.0    0.0
31016            1.458974                   1.0    0.0
31040            4.665583                   1.0    0.0
31041            14.31732                   1.0    0.0
31042            8.190938                   1.0    0.0
31043           0.4504645                   1.0    0.0
31048            4.691985                   1.0    0.0
31049            45.76926                   1.0    0.0
31065            14.93971                   1.0    0.0
