single point
30101            30.85167                   1.0    0.0
30103            26.17314                   1.0    0.0
30104            7.424151                   1.0    0.0
30105            2.569526                   1.0    0.0
30106           0.7458583                   1.0    0.0
30115           0.3176490                   1.0    0.0
30116            1.785688                   1.0    0.0
30142            1.420916                   1.0    0.0
30143           0.9206117                   1.0    0.0
30148            3.083399                   1.0    0.0
30149            72.50914                   1.0    0.0
30165            27.56277                   1.0    0.0
