single point
31001            22.33149                   1.0    0.0
31002           2.2529219E-02               1.0    0.0
31003            14.27329                   1.0    0.0
31004            4.138595                   1.0    0.0
31005            2.203450                   1.0    0.0
31006           0.7649975                   1.0    0.0
31007            4.909380                   1.0    0.0
31008            49.18378                   1.0    0.0
31015           0.6343152                   1.0    0.0
31016            1.384457                   1.0    0.0
31040            5.547419                   1.0    0.0
31041            12.05663                   1.0    0.0
31042            7.733674                   1.0    0.0
31043           0.4456891                   1.0    0.0
31048            3.985665                   1.0    0.0
31049            44.83212                   1.0    0.0
31065            14.07005                   1.0    0.0
