single point
31001            26.53750                   1.0    0.0
31002           2.3232273E-02               1.0    0.0
31003            16.77736                   1.0    0.0
31004            4.464165                   1.0    0.0
31005            2.463407                   1.0    0.0
31006           0.8781767                   1.0    0.0
31007            4.762647                   1.0    0.0
31008            45.20401                   1.0    0.0
31015           0.6005636                   1.0    0.0
31016            1.679783                   1.0    0.0
31040            4.822543                   1.0    0.0
31041            15.41703                   1.0    0.0
31042            8.088703                   1.0    0.0
31043           0.4954787                   1.0    0.0
31048            4.446868                   1.0    0.0
31049            46.52306                   1.0    0.0
31065            13.94816                   1.0    0.0
