single point
30101            22.35472                   1.0    0.0
30103            17.70211                   1.0    0.0
30104            6.443463                   1.0    0.0
30105            2.817239                   1.0    0.0
30106           0.6381631                   1.0    0.0
30115           0.3270589                   1.0    0.0
30116            1.554544                   1.0    0.0
30142            2.330280                   1.0    0.0
30143            1.019298                   1.0    0.0
30148            4.572966                   1.0    0.0
30149            82.27413                   1.0    0.0
30165            22.24804                   1.0    0.0
