single point
30101            22.82741                   1.0    0.0
30103            12.74988                   1.0    0.0
30104            7.089543                   1.0    0.0
30105            2.252320                   1.0    0.0
30106           0.6084109                   1.0    0.0
30115           0.2354193                   1.0    0.0
30116            1.608567                   1.0    0.0
30142            1.617592                   1.0    0.0
30143           0.9655263                   1.0    0.0
30148            3.675228                   1.0    0.0
30149            96.45995                   1.0    0.0
30165            26.85275                   1.0    0.0
