single point
31001            22.55092                   1.0    0.0
31002           2.4502577E-02               1.0    0.0
31003            15.62687                   1.0    0.0
31004            3.611079                   1.0    0.0
31005            2.411896                   1.0    0.0
31006           0.8945609                   1.0    0.0
31007            5.374018                   1.0    0.0
31008            46.94324                   1.0    0.0
31015           0.6581921                   1.0    0.0
31016            1.322149                   1.0    0.0
31040            4.882615                   1.0    0.0
31041            13.82398                   1.0    0.0
31042            7.359723                   1.0    0.0
31043           0.5120244                   1.0    0.0
31048            3.687471                   1.0    0.0
31049            43.81367                   1.0    0.0
31065            14.50031                   1.0    0.0
