single point
31001            22.10255                   1.0    0.0
31002           2.4478024E-02               1.0    0.0
31003            15.54635                   1.0    0.0
31004            3.891309                   1.0    0.0
31005            2.139908                   1.0    0.0
31006            1.029602                   1.0    0.0
31007            4.820551                   1.0    0.0
31008            54.14727                   1.0    0.0
31015           0.5258130                   1.0    0.0
31016            1.509891                   1.0    0.0
31040            5.695929                   1.0    0.0
31041            15.56141                   1.0    0.0
31042            7.503946                   1.0    0.0
31043           0.5419483                   1.0    0.0
31048            3.773697                   1.0    0.0
31049            47.67754                   1.0    0.0
31065            15.00107                   1.0    0.0
