single point
30101            23.76191                   1.0    0.0
30103            21.17230                   1.0    0.0
30104            6.193883                   1.0    0.0
30105            2.714410                   1.0    0.0
30106           0.4904662                   1.0    0.0
30115           0.2877751                   1.0    0.0
30116            1.882727                   1.0    0.0
30142            1.766192                   1.0    0.0
30143           0.7296236                   1.0    0.0
30148            2.816738                   1.0    0.0
30149            90.84348                   1.0    0.0
30165            23.44567                   1.0    0.0
