single point
30101            21.06868                   1.0    0.0
30103            16.25806                   1.0    0.0
30104            7.336302                   1.0    0.0
30105            2.877417                   1.0    0.0
30106           0.5023594                   1.0    0.0
30115           0.2182535                   1.0    0.0
30116            1.445189                   1.0    0.0
30142            1.078264                   1.0    0.0
30143           0.8549602                   1.0    0.0
30148            3.128283                   1.0    0.0
30149            71.12782                   1.0    0.0
30165            22.98301                   1.0    0.0
