single point
30101            23.33481                   1.0    0.0
30103            20.25232                   1.0    0.0
30104            9.631094                   1.0    0.0
30105            2.752098                   1.0    0.0
30106           0.6309423                   1.0    0.0
30115           0.2556189                   1.0    0.0
30116            1.994626                   1.0    0.0
30142            1.741191                   1.0    0.0
30143           0.9926869                   1.0    0.0
30148            3.280146                   1.0    0.0
30149            85.11244                   1.0    0.0
30165            26.08388                   1.0    0.0
