single point
31001            24.28475                   1.0    0.0
31002           2.4266156E-02               1.0    0.0
31003            13.99599                   1.0    0.0
31004            3.820603                   1.0    0.0
31005            2.355864                   1.0    0.0
31006           0.7705647                   1.0    0.0
31007            4.705820                   1.0    0.0
31008            47.92915                   1.0    0.0
31015           0.6465891                   1.0    0.0
31016            1.702751                   1.0    0.0
31040            5.328840                   1.0    0.0
31041            16.49107                   1.0    0.0
31042            7.140030                   1.0    0.0
31043           0.5023307                   1.0    0.0
31048            4.595303                   1.0    0.0
31049            44.93727                   1.0    0.0
31065            17.31312                   1.0    0.0
