single point
31001            25.82924                   1.0    0.0
31002           2.3436469E-02               1.0    0.0
31003            13.08691                   1.0    0.0
31004            3.952842                   1.0    0.0
31005            2.291252                   1.0    0.0
31006           0.7344639                   1.0    0.0
31007            5.045543                   1.0    0.0
31008            47.49435                   1.0    0.0
31015           0.6639827                   1.0    0.0
31016            1.495986                   1.0    0.0
31040            4.713567                   1.0    0.0
31041            14.14988                   1.0    0.0
31042            7.041328                   1.0    0.0
31043           0.5326400                   1.0    0.0
31048            4.428492                   1.0    0.0
31049            54.01835                   1.0    0.0
31065            13.78153                   1.0    0.0
