single point
30101            22.21578                   1.0    0.0
30103            27.33728                   1.0    0.0
30104            9.435494                   1.0    0.0
30105            3.598336                   1.0    0.0
30106           0.7985090                   1.0    0.0
30115           0.1828944                   1.0    0.0
30116            1.478996                   1.0    0.0
30142            1.893139                   1.0    0.0
30143           0.8679994                   1.0    0.0
30148            3.476494                   1.0    0.0
30149            73.22020                   1.0    0.0
30165            23.72922                   1.0    0.0
