single point
30101            28.93510                   1.0    0.0
30103            18.97448                   1.0    0.0
30104            7.758845                   1.0    0.0
30105            2.464067                   1.0    0.0
30106           0.4825882                   1.0    0.0
30115           0.2735820                   1.0    0.0
30116            1.588676                   1.0    0.0
30142            2.412798                   1.0    0.0
30143           0.9041564                   1.0    0.0
30148            3.179879                   1.0    0.0
30149            74.42652                   1.0    0.0
30165            32.17780                   1.0    0.0
