single point
31001            21.48434                   1.0    0.0
31002           2.5024612E-02               1.0    0.0
31003            13.51343                   1.0    0.0
31004            4.233437                   1.0    0.0
31005            2.359435                   1.0    0.0
31006           0.8557086                   1.0    0.0
31007            4.545888                   1.0    0.0
31008            42.64043                   1.0    0.0
31015           0.5767413                   1.0    0.0
31016            1.178446                   1.0    0.0
31040            4.513677                   1.0    0.0
31041            14.97148                   1.0    0.0
31042            6.716742                   1.0    0.0
31043           0.6083086                   1.0    0.0
31048            4.524269                   1.0    0.0
31049            47.27001                   1.0    0.0
31065            14.13359                   1.0    0.0
