single point
31001            21.93452                   1.0    0.0
31002           2.5830589E-02               1.0    0.0
31003            13.22402                   1.0    0.0
31004            3.689917                   1.0    0.0
31005            2.683416                   1.0    0.0
31006           0.9043393                   1.0    0.0
31007            4.348568                   1.0    0.0
31008            51.66821                   1.0    0.0
31015           0.5804764                   1.0    0.0
31016            1.606448                   1.0    0.0
31040            5.098933                   1.0    0.0
31041            14.29852                   1.0    0.0
31042            7.438652                   1.0    0.0
31043           0.4848195                   1.0    0.0
31048            4.574491                   1.0    0.0
31049            56.72948                   1.0    0.0
31065            14.27103                   1.0    0.0
