single point
31001            23.00760                   1.0    0.0
31002           2.5402156E-02               1.0    0.0
31003            13.75973                   1.0    0.0
31004            3.213997                   1.0    0.0
31005            2.620122                   1.0    0.0
31006           0.8278816                   1.0    0.0
31007            5.032971                   1.0    0.0
31008            45.92806                   1.0    0.0
31015           0.6123001                   1.0    0.0
31016            1.532926                   1.0    0.0
31040            5.000099                   1.0    0.0
31041            14.77516                   1.0    0.0
31042            7.241084                   1.0    0.0
31043           0.4357417                   1.0    0.0
31048            3.929852                   1.0    0.0
31049            43.05416                   1.0    0.0
31065            13.39949                   1.0    0.0
