single point
30101            20.10913                   1.0    0.0
30103            21.73241                   1.0    0.0
30104            7.322077                   1.0    0.0
30105            2.431746                   1.0    0.0
30106           0.6912053                   1.0    0.0
30115           0.2431013                   1.0    0.0
30116            1.286339                   1.0    0.0
30142            1.462480                   1.0    0.0
30143            1.007029                   1.0    0.0
30148            3.905861                   1.0    0.0
30149            77.78037                   1.0    0.0
30165            30.80256                   1.0    0.0
