single point
31001            23.29389                   1.0    0.0
31002           2.2460698E-02               1.0    0.0
31003            15.99542                   1.0    0.0
31004            3.662534                   1.0    0.0
31005            2.865509                   1.0    0.0
31006           0.8231980                   1.0    0.0
31007            4.725051                   1.0    0.0
31008            48.56556                   1.0    0.0
31015           0.6819287                   1.0    0.0
31016            1.351786                   1.0    0.0
31040            4.757739                   1.0    0.0
31041            15.19080                   1.0    0.0
31042            8.473012                   1.0    0.0
31043           0.5227059                   1.0    0.0
31048            4.382874                   1.0    0.0
31049            51.04479                   1.0    0.0
31065            16.00922                   1.0    0.0
