single point
31001            23.82987                   1.0    0.0
31002           2.7640414E-02               1.0    0.0
31003            12.71665                   1.0    0.0
31004            4.337233                   1.0    0.0
31005            2.495115                   1.0    0.0
31006           0.8500074                   1.0    0.0
31007            4.944559                   1.0    0.0
31008            46.20666                   1.0    0.0
31015           0.5909693                   1.0    0.0
31016            1.453544                   1.0    0.0
31040            4.560119                   1.0    0.0
31041            15.07475                   1.0    0.0
31042            8.812961                   1.0    0.0
31043           0.4314277                   1.0    0.0
31048            4.204789                   1.0    0.0
31049            51.98406                   1.0    0.0
31065            14.68515                   1.0    0.0
