single point
31001            24.90116                   1.0    0.0
31002           2.9599639E-02               1.0    0.0
31003            15.81248                   1.0    0.0
31004            4.024424                   1.0    0.0
31005            2.661444                   1.0    0.0
31006           0.7562223                   1.0    0.0
31007            4.662209                   1.0    0.0
31008            44.76321                   1.0    0.0
31015           0.5573692                   1.0    0.0
31016            1.568542                   1.0    0.0
31040            5.216538                   1.0    0.0
31041            13.61625                   1.0    0.0
31042            6.923067                   1.0    0.0
31043           0.4780418                   1.0    0.0
31048            3.851208                   1.0    0.0
31049            54.34194                   1.0    0.0
31065            15.72230                   1.0    0.0
