single point
30101            25.49652                   1.0    0.0
30103            18.77824                   1.0    0.0
30104            6.037412                   1.0    0.0
30105            3.472537                   1.0    0.0
30106           0.6178279                   1.0    0.0
30115           0.2215458                   1.0    0.0
30116            1.799684                   1.0    0.0
30142            1.931824                   1.0    0.0
30143           0.8260449                   1.0    0.0
30148            2.913198                   1.0    0.0
30149            69.90694                   1.0    0.0
30165            33.38625                   1.0    0.0
