single point
30101            13.76568                   1.0    0.0
30103            17.88936                   1.0    0.0
30104            7.173476                   1.0    0.0
30105            2.138208                   1.0    0.0
30106           0.5102400                   1.0    0.0
30115           0.1735843                   1.0    0.0
30116            1.819373                   1.0    0.0
30142            1.596848                   1.0    0.0
30143           0.7800816                   1.0    0.0
30148            3.422644                   1.0    0.0
30149            67.71104                   1.0    0.0
30165            22.76910                   1.0    0.0
