single point
31001            20.83131                   1.0    0.0
31002           2.6247241E-02               1.0    0.0
31003            16.37722                   1.0    0.0
31004            3.757513                   1.0    0.0
31005            2.438363                   1.0    0.0
31006           0.7150432                   1.0    0.0
31007            4.444066                   1.0    0.0
31008            52.93539                   1.0    0.0
31015           0.6287467                   1.0    0.0
31016            1.336300                   1.0    0.0
31040            4.568421                   1.0    0.0
31041            13.88746                   1.0    0.0
31042            9.068763                   1.0    0.0
31043           0.4995481                   1.0    0.0
31048            4.279203                   1.0    0.0
31049            50.05119                   1.0    0.0
31065            12.93931                   1.0    0.0
