single point
31001            28.50425                   1.0    0.0
31002           2.6613616E-02               1.0    0.0
31003            15.29775                   1.0    0.0
31004            3.713958                   1.0    0.0
31005            2.569820                   1.0    0.0
31006           0.8655325                   1.0    0.0
31007            4.960904                   1.0    0.0
31008            53.09930                   1.0    0.0
31015           0.5854876                   1.0    0.0
31016            1.269479                   1.0    0.0
31040            4.463721                   1.0    0.0
31041            13.72866                   1.0    0.0
31042            7.328059                   1.0    0.0
31043           0.5260353                   1.0    0.0
31048            4.237870                   1.0    0.0
31049            46.40204                   1.0    0.0
31065            15.15515                   1.0    0.0
