single point
31001            24.94265                   1.0    0.0
31002           2.4165883E-02               1.0    0.0
31003            14.42906                   1.0    0.0
31004            3.979670                   1.0    0.0
31005            2.529131                   1.0    0.0
31006           0.7953026                   1.0    0.0
31007            4.270020                   1.0    0.0
31008            50.72567                   1.0    0.0
31015           0.4813934                   1.0    0.0
31016            1.443832                   1.0    0.0
31040            5.064381                   1.0    0.0
31041            13.99122                   1.0    0.0
31042            7.842515                   1.0    0.0
31043           0.4695529                   1.0    0.0
31048            4.897707                   1.0    0.0
31049            40.72557                   1.0    0.0
31065            12.76679                   1.0    0.0
