single point
31001            22.92910                   1.0    0.0
31002           2.3547137E-02               1.0    0.0
31003            18.17319                   1.0    0.0
31004            3.782010                   1.0    0.0
31005            2.244519                   1.0    0.0
31006           0.7805029                   1.0    0.0
31007            4.871484                   1.0    0.0
31008            49.75736                   1.0    0.0
31015           0.5078016                   1.0    0.0
31016            1.587263                   1.0    0.0
31040            4.213039                   1.0    0.0
31041            14.43444                   1.0    0.0
31042            8.121493                   1.0    0.0
31043           0.4795918                   1.0    0.0
31048            4.316624                   1.0    0.0
31049            50.41692                   1.0    0.0
31065            14.59444                   1.0    0.0
