single point
30101            20.45992                   1.0    0.0
30103            24.12745                   1.0    0.0
30104            5.959517                   1.0    0.0
30105            3.874047                   1.0    0.0
30106           0.6578320                   1.0    0.0
30115           0.2440278                   1.0    0.0
30116            1.718242                   1.0    0.0
30142            2.145446                   1.0    0.0
30143           0.7646226                   1.0    0.0
30148            3.459187                   1.0    0.0
30149            87.35963                   1.0    0.0
30165            21.46567                   1.0    0.0
