single point
uw1             1.4594512E-02               1.0    0.0
uw2             2.5069217E-02               1.0    0.0
uw3             7.7550528E-03               1.0    0.0
uw4             2.0297617E-03               1.0    0.0
uw5             0.1277454                   1.0    0.0
fc1             6.0860504E-02               1.0    0.0
fc2             7.4402123E-02               1.0    0.0
fc3             3.3688605E-02               1.0    0.0
fc4             0.3003771                   1.0    0.0
fc5             0.3081182                   1.0    0.0
