single point
uw1             1.3446944E-02               1.0    0.0
uw2             1.6029040E-02               1.0    0.0
uw3             1.1913638E-02               1.0    0.0
uw4             1.5734581E-03               1.0    0.0
uw5             0.1109462                   1.0    0.0
fc1             7.1826420E-02               1.0    0.0
fc2             8.7144070E-02               1.0    0.0
fc3             3.1269169E-02               1.0    0.0
fc4             0.2413916                   1.0    0.0
fc5             0.3206138                   1.0    0.0
