single point
uw1             1.8024773E-02               1.0    0.0
uw2             2.0896635E-02               1.0    0.0
uw3             9.1714889E-03               1.0    0.0
uw4             3.7100588E-03               1.0    0.0
uw5             0.1189736                   1.0    0.0
fc1             5.7736647E-02               1.0    0.0
fc2             9.6415817E-02               1.0    0.0
fc3             2.8783827E-02               1.0    0.0
fc4             0.3243659                   1.0    0.0
fc5             0.2707800                   1.0    0.0
