single point
uw1             1.1913926E-02               1.0    0.0
uw2             2.3675159E-02               1.0    0.0
uw3             9.0715900E-03               1.0    0.0
uw4             1.7986502E-03               1.0    0.0
uw5             0.1436491                   1.0    0.0
fc1             8.4240775E-02               1.0    0.0
fc2             9.2685755E-02               1.0    0.0
fc3             2.9451327E-02               1.0    0.0
fc4             0.2642461                   1.0    0.0
fc5             0.2881572                   1.0    0.0
