single point
uw1             2.1453274E-02               1.0    0.0
uw2             1.8535610E-02               1.0    0.0
uw3             1.3489722E-02               1.0    0.0
uw4             1.7111368E-03               1.0    0.0
uw5             0.1268141                   1.0    0.0
fc1             6.4601160E-02               1.0    0.0
fc2             8.0746758E-02               1.0    0.0
fc3             3.6598403E-02               1.0    0.0
fc4             0.3147709                   1.0    0.0
fc5             0.2751260                   1.0    0.0
