single point
uw1             1.5464569E-02               1.0    0.0
uw2             2.7281114E-02               1.0    0.0
uw3             1.2925196E-02               1.0    0.0
uw4             2.8009074E-03               1.0    0.0
uw5             0.1002562                   1.0    0.0
fc1             6.9321586E-02               1.0    0.0
fc2             5.4863509E-02               1.0    0.0
fc3             3.0361987E-02               1.0    0.0
fc4             0.2535616                   1.0    0.0
fc5             0.2947446                   1.0    0.0
