single point
uw1             1.7799577E-02               1.0    0.0
uw2             2.0199337E-02               1.0    0.0
uw3             1.0152270E-02               1.0    0.0
uw4             1.8985762E-03               1.0    0.0
uw5             0.1591619                   1.0    0.0
fc1             6.6584220E-02               1.0    0.0
fc2             6.3750576E-02               1.0    0.0
fc3             2.3673329E-02               1.0    0.0
fc4             0.3518202                   1.0    0.0
fc5             0.3385216                   1.0    0.0
