single point
uw1             1.8938361E-02               1.0    0.0
uw2             2.6202572E-02               1.0    0.0
uw3             1.0332431E-02               1.0    0.0
uw4             1.5385842E-03               1.0    0.0
uw5             0.1155813                   1.0    0.0
fc1             4.6479537E-02               1.0    0.0
fc2             6.8879281E-02               1.0    0.0
fc3             2.8094861E-02               1.0    0.0
fc4             0.2231349                   1.0    0.0
fc5             0.2859420                   1.0    0.0
