single point
uw1             2.5712512E-02               1.0    0.0
uw2             3.0244702E-02               1.0    0.0
uw3             1.1324445E-02               1.0    0.0
uw4             2.2498384E-03               1.0    0.0
uw5             0.1381008                   1.0    0.0
fc1             0.1031041                   1.0    0.0
fc2             9.0127121E-02               1.0    0.0
fc3             2.4786673E-02               1.0    0.0
fc4             0.2455199                   1.0    0.0
fc5             0.3132792                   1.0    0.0
