single point
uw1             1.6818891E-02               1.0    0.0
uw2             2.0035152E-02               1.0    0.0
uw3             1.2497272E-02               1.0    0.0
uw4             2.3939121E-03               1.0    0.0
uw5             0.1760302                   1.0    0.0
fc1             5.1853101E-02               1.0    0.0
fc2             7.8604615E-02               1.0    0.0
fc3             2.7140496E-02               1.0    0.0
fc4             0.2008063                   1.0    0.0
fc5             0.2985346                   1.0    0.0
