single point
uw1             1.9661368E-02               1.0    0.0
uw2             2.3099117E-02               1.0    0.0
uw3             9.7422407E-03               1.0    0.0
uw4             1.1037290E-03               1.0    0.0
uw5             0.1443454                   1.0    0.0
fc1             6.8206862E-02               1.0    0.0
fc2             7.2238276E-02               1.0    0.0
fc3             3.4414226E-02               1.0    0.0
fc4             0.2791700                   1.0    0.0
fc5             0.2606000                   1.0    0.0
