single point
uw1             2.0564628E-02               1.0    0.0
uw2             2.2198772E-02               1.0    0.0
uw3             1.0980119E-02               1.0    0.0
uw4             1.8132279E-03               1.0    0.0
uw5             0.1071393                   1.0    0.0
fc1             5.4190282E-02               1.0    0.0
fc2             0.1175837                   1.0    0.0
fc3             3.2313563E-02               1.0    0.0
fc4             0.2693827                   1.0    0.0
fc5             0.3534672                   1.0    0.0
