single point
31001            23.67982                   1.0    0.0
31002           2.5191163E-02               1.0    0.0
31003            14.67207                   1.0    0.0
31004            4.199952                   1.0    0.0
31005            2.391781                   1.0    0.0
31006           0.9392158                   1.0    0.0
31007            5.317552                   1.0    0.0
31008            48.95804                   1.0    0.0
31015           0.6048330                   1.0    0.0
31016            1.436597                   1.0    0.0
31040            5.192360                   1.0    0.0
31041            14.66618                   1.0    0.0
31042            8.746694                   1.0    0.0
31043           0.4655449                   1.0    0.0
31048            4.133105                   1.0    0.0
31049            49.11915                   1.0    0.0
31065            16.79998                   1.0    0.0
