single point
30101            21.81529                   1.0    0.0
30103            23.89064                   1.0    0.0
30104            5.557752                   1.0    0.0
30105            2.970540                   1.0    0.0
30106           0.5478192                   1.0    0.0
30115           0.2748789                   1.0    0.0
30116            1.225964                   1.0    0.0
30142            1.555697                   1.0    0.0
30143           0.8844772                   1.0    0.0
30148            4.663078                   1.0    0.0
30149            120.6990                   1.0    0.0
30165            25.51597                   1.0    0.0
