single point
30101            22.90641                   1.0    0.0
30103            20.66074                   1.0    0.0
30104            6.334460                   1.0    0.0
30105            3.034881                   1.0    0.0
30106           0.6981117                   1.0    0.0
30115           0.3558848                   1.0    0.0
30116            1.594482                   1.0    0.0
30142            1.828773                   1.0    0.0
30143           0.6850572                   1.0    0.0
30148            3.823634                   1.0    0.0
30149            83.80842                   1.0    0.0
30165            21.71578                   1.0    0.0
