single point
31001            24.57941                   1.0    0.0
31002           2.4068704E-02               1.0    0.0
31003            15.01360                   1.0    0.0
31004            3.508919                   1.0    0.0
31005            2.276938                   1.0    0.0
31006           0.7826260                   1.0    0.0
31007            4.123677                   1.0    0.0
31008            43.76587                   1.0    0.0
31015           0.5400356                   1.0    0.0
31016            1.302409                   1.0    0.0
31040            4.895061                   1.0    0.0
31041            14.89205                   1.0    0.0
31042            7.606744                   1.0    0.0
31043           0.4512680                   1.0    0.0
31048            3.805399                   1.0    0.0
31049            52.67534                   1.0    0.0
31065            15.81653                   1.0    0.0
