single point
31001            24.52737                   1.0    0.0
31002           2.2896655E-02               1.0    0.0
31003            12.88857                   1.0    0.0
31004            4.001493                   1.0    0.0
31005            2.770083                   1.0    0.0
31006           0.8366121                   1.0    0.0
31007            4.630651                   1.0    0.0
31008            48.30401                   1.0    0.0
31015           0.5328769                   1.0    0.0
31016            1.418022                   1.0    0.0
31040            4.692483                   1.0    0.0
31041            14.57527                   1.0    0.0
31042            7.864432                   1.0    0.0
31043           0.5172449                   1.0    0.0
31048            3.520746                   1.0    0.0
31049            50.62088                   1.0    0.0
31065            13.61142                   1.0    0.0
