single point
30101            23.39181                   1.0    0.0
30103            26.66217                   1.0    0.0
30104            8.510328                   1.0    0.0
30105            3.787232                   1.0    0.0
30106           0.4006674                   1.0    0.0
30115           0.2976301                   1.0    0.0
30116            1.367726                   1.0    0.0
30142            1.855429                   1.0    0.0
30143            1.170763                   1.0    0.0
30148            3.780016                   1.0    0.0
30149            62.04165                   1.0    0.0
30165            23.91548                   1.0    0.0
