single point
31001            25.48104                   1.0    0.0
31002           2.4806212E-02               1.0    0.0
31003            14.01176                   1.0    0.0
31004            4.280619                   1.0    0.0
31005            2.039288                   1.0    0.0
31006           0.8844882                   1.0    0.0
31007            4.596671                   1.0    0.0
31008            52.17647                   1.0    0.0
31015           0.5957026                   1.0    0.0
31016            1.516357                   1.0    0.0
31040            4.150464                   1.0    0.0
31041            12.96009                   1.0    0.0
31042            7.556018                   1.0    0.0
31043           0.4562641                   1.0    0.0
31048            3.897214                   1.0    0.0
31049            47.16990                   1.0    0.0
31065            16.41124                   1.0    0.0
