single point
31001            27.37379                   1.0    0.0
31002           2.5960849E-02               1.0    0.0
31003            13.85843                   1.0    0.0
31004            3.867952                   1.0    0.0
31005            2.503014                   1.0    0.0
31006           0.7470593                   1.0    0.0
31007            5.210409                   1.0    0.0
31008            50.90876                   1.0    0.0
31015           0.5473510                   1.0    0.0
31016            1.406476                   1.0    0.0
31040            5.457849                   1.0    0.0
31041            13.38664                   1.0    0.0
31042            8.539843                   1.0    0.0
31043           0.5679488                   1.0    0.0
31048            4.175177                   1.0    0.0
31049            48.15493                   1.0    0.0
31065            15.22972                   1.0    0.0
