single point
30101            27.27751                   1.0    0.0
30103            19.86484                   1.0    0.0
30104            6.605016                   1.0    0.0
30105            3.123306                   1.0    0.0
30106           0.5832695                   1.0    0.0
30115           0.2074358                   1.0    0.0
30116            2.077366                   1.0    0.0
30142            1.306423                   1.0    0.0
30143           0.7746181                   1.0    0.0
30148            3.308029                   1.0    0.0
30149            78.96595                   1.0    0.0
30165            28.10263                   1.0    0.0
