single point
31001            27.80080                   1.0    0.0
31002           2.5703996E-02               1.0    0.0
31003            14.74798                   1.0    0.0
31004            4.094413                   1.0    0.0
31005            2.380780                   1.0    0.0
31006           0.8051587                   1.0    0.0
31007            4.844610                   1.0    0.0
31008            54.95005                   1.0    0.0
31015           0.6212775                   1.0    0.0
31016            1.543238                   1.0    0.0
31040            5.152461                   1.0    0.0
31041            16.97962                   1.0    0.0
31042            8.263388                   1.0    0.0
31043           0.5047338                   1.0    0.0
31048            3.627640                   1.0    0.0
31049            48.77761                   1.0    0.0
31065            12.05483                   1.0    0.0
