single point
30101            18.76330                   1.0    0.0
30103            21.46890                   1.0    0.0
30104            6.651066                   1.0    0.0
30105            3.439806                   1.0    0.0
30106           0.6653365                   1.0    0.0
30115           0.2460459                   1.0    0.0
30116            1.493307                   1.0    0.0
30142            2.589002                   1.0    0.0
30143           0.8599107                   1.0    0.0
30148            2.804491                   1.0    0.0
30149            81.36134                   1.0    0.0
30165            31.24373                   1.0    0.0
