single point
31001            25.13103                   1.0    0.0
31002           2.1703289E-02               1.0    0.0
31003            15.43200                   1.0    0.0
31004            4.781503                   1.0    0.0
31005            2.740622                   1.0    0.0
31006           0.7890451                   1.0    0.0
31007            5.109878                   1.0    0.0
31008            58.97338                   1.0    0.0
31015           0.5707605                   1.0    0.0
31016            1.293351                   1.0    0.0
31040            4.966391                   1.0    0.0
31041            15.51971                   1.0    0.0
31042            6.257536                   1.0    0.0
31043           0.4115389                   1.0    0.0
31048            4.347793                   1.0    0.0
31049            53.46530                   1.0    0.0
31065            14.76084                   1.0    0.0
