single point
31001            23.93081                   1.0    0.0
31002           2.4760517E-02               1.0    0.0
31003            14.56618                   1.0    0.0
31004            3.799724                   1.0    0.0
31005            2.316168                   1.0    0.0
31006           0.9231643                   1.0    0.0
31007            5.476746                   1.0    0.0
31008            49.59989                   1.0    0.0
31015           0.5657229                   1.0    0.0
31016            1.382988                   1.0    0.0
31040            5.336222                   1.0    0.0
31041            12.83728                   1.0    0.0
31042            7.777631                   1.0    0.0
31043           0.4720040                   1.0    0.0
31048            4.812753                   1.0    0.0
31049            58.03155                   1.0    0.0
31065            13.75368                   1.0    0.0
