single point
30101            17.18693                   1.0    0.0
30103            16.83448                   1.0    0.0
30104            5.765774                   1.0    0.0
30105            4.023947                   1.0    0.0
30106           0.5253332                   1.0    0.0
30115           0.2849329                   1.0    0.0
30116            1.895101                   1.0    0.0
30142            2.189001                   1.0    0.0
30143           0.8320765                   1.0    0.0
30148            3.880056                   1.0    0.0
30149            78.57146                   1.0    0.0
30165            30.48966                   1.0    0.0
