single point
30101            24.20793                   1.0    0.0
30103            15.09747                   1.0    0.0
30104            8.009338                   1.0    0.0
30105            3.733614                   1.0    0.0
30106           0.5417998                   1.0    0.0
30115           0.2100747                   1.0    0.0
30116            2.114481                   1.0    0.0
30142            1.812104                   1.0    0.0
30143           0.6227716                   1.0    0.0
30148            4.008358                   1.0    0.0
30149            87.97170                   1.0    0.0
30165            23.23645                   1.0    0.0
