single point
31001            19.87299                   1.0    0.0
31002           2.5220682E-02               1.0    0.0
31003            13.54515                   1.0    0.0
31004            4.058235                   1.0    0.0
31005            2.453911                   1.0    0.0
31006           0.6898833                   1.0    0.0
31007            5.727555                   1.0    0.0
31008            51.35040                   1.0    0.0
31015           0.5211288                   1.0    0.0
31016            1.485236                   1.0    0.0
31040            4.603097                   1.0    0.0
31041            17.93735                   1.0    0.0
31042            7.679040                   1.0    0.0
31043           0.5112943                   1.0    0.0
31048            4.034032                   1.0    0.0
31049            48.54873                   1.0    0.0
31065            15.35179                   1.0    0.0
