single point
31001            24.15208                   1.0    0.0
31002           2.6837414E-02               1.0    0.0
31003            14.89941                   1.0    0.0
31004            3.567243                   1.0    0.0
31005            2.326980                   1.0    0.0
31006           0.8461595                   1.0    0.0
31007            5.304020                   1.0    0.0
31008            56.23669                   1.0    0.0
31015           0.6162178                   1.0    0.0
31016            1.470374                   1.0    0.0
31040            4.403533                   1.0    0.0
31041            15.80135                   1.0    0.0
31042            7.072287                   1.0    0.0
31043           0.4620566                   1.0    0.0
31048            4.160091                   1.0    0.0
31049            49.39842                   1.0    0.0
31065            13.18418                   1.0    0.0
