single point
30101            28.64952                   1.0    0.0
30103            23.31599                   1.0    0.0
30104            6.389223                   1.0    0.0
30105            3.005471                   1.0    0.0
30106           0.4786348                   1.0    0.0
30115           0.3418021                   1.0    0.0
30116            1.973236                   1.0    0.0
30142            1.437235                   1.0    0.0
30143           0.8772436                   1.0    0.0
30148            2.985735                   1.0    0.0
30149            68.72187                   1.0    0.0
30165            21.08755                   1.0    0.0
