single point
31001            26.03056                   1.0    0.0
31002           2.3134697E-02               1.0    0.0
31003            12.38678                   1.0    0.0
31004            3.447587                   1.0    0.0
31005            2.217857                   1.0    0.0
31006           0.8158087                   1.0    0.0
31007            4.478068                   1.0    0.0
31008            55.59234                   1.0    0.0
31015           0.5826794                   1.0    0.0
31016            1.371487                   1.0    0.0
31040            4.925849                   1.0    0.0
31041            16.28697                   1.0    0.0
31042            8.348868                   1.0    0.0
31043           0.4891394                   1.0    0.0
31048            4.083716                   1.0    0.0
31049            51.25332                   1.0    0.0
31065            15.58480                   1.0    0.0
