single point
31001            26.96305                   1.0    0.0
31002           2.3691583E-02               1.0    0.0
31003            15.06576                   1.0    0.0
31004            3.905028                   1.0    0.0
31005            2.134293                   1.0    0.0
31006           0.8106443                   1.0    0.0
31007            5.123925                   1.0    0.0
31008            40.76489                   1.0    0.0
31015           0.5535078                   1.0    0.0
31016            1.401209                   1.0    0.0
31040            4.811853                   1.0    0.0
31041            15.89044                   1.0    0.0
31042            7.951100                   1.0    0.0
31043           0.4893859                   1.0    0.0
31048            4.066685                   1.0    0.0
31049            55.69474                   1.0    0.0
31065            13.30729                   1.0    0.0
