single point
31001            23.48440                   1.0    0.0
31002           2.1448333E-02               1.0    0.0
31003            14.12118                   1.0    0.0
31004            3.601924                   1.0    0.0
31005            2.545809                   1.0    0.0
31006           0.8353102                   1.0    0.0
31007            5.176725                   1.0    0.0
31008            50.36404                   1.0    0.0
31015           0.5627868                   1.0    0.0
31016            1.641136                   1.0    0.0
31040            4.319874                   1.0    0.0
31041            13.27730                   1.0    0.0
31042            8.027327                   1.0    0.0
31043           0.5532261                   1.0    0.0
31048            4.008559                   1.0    0.0
31049            52.30645                   1.0    0.0
31065            14.34054                   1.0    0.0
