ptf @
   SA13 26W
  20   0                    
  1  1  1  126    0  300    0    0    @OPV1_300@       0       0       0    @13OPV5_300@    0       0
  1  1  1  126    0  310    0    0    @OPV1_310@       0       0       0    @13OPV5_310@    0       0
  1  1  1  126    0  321    0    0    @OPV1_321@       0       0       0    @13OPV5_321@    0       0
  1  1  1  126    0  330    0    0    @OPV1_330@       0       0       0    @13OPV5_330@    0       0
  1  1  1  126    0  340    4    0    @OPV1_340@       0       0       0    @13OPV5_340@    0       0
  1  1  1  126    0  351    4    0    @OPV1_351@       0       0       0    @13OPV5_351@    0       0
  1  5 29  426    0  300    0    3    8.94     277       0       0       0       0       0
  1  9 28  427    0  300    0    3       0       0       0       0       0       0       0
  1  9 28  450    0  300    0    3   -1000                                                
  2  5 29  426    0  300    0    3    8.94     277       0       0       0       0       0
  2  9 28  427    0  300    0    3       0       0       0       0       0       0       0
  2  9 28  450    0  300    0    3   -1000                                                
  3  5 29  426    0  300    0    3    8.94     277       0       0       0       0       0
  3  9 28  427    0  300    0    3       0       0       0       0       0       0       0
  3  9 28  450    0  300    0    3   -1000                                                
  4  5 29  426    0  300    0    3    8.94     277       0       0       0       0       0
  4  9 28  427    0  300    0    3       0       0       0       0       0       0       0
  4  9 28  450    0  300    0    3   -1000                                                
  5  5 29  426    0  300    0    3    8.94     277       0       0       0       0       0
  5  9 28  427    0  300    0    3       0       0       0       0       0       0       0
  5  9 28  450    0  300    0    3   -1000                                                
  6  5 29  426    0  300    0    3    9.53     277       0       0       0       0       0
  6  9 28  427    0  300    0    3       0       0       0       0       0       0       0
  6  9 28  450    0  300    0    3   -1000                                                
  7  9  9  669    0  300    0   11   0.623       0       0       0       0       0       0
  7 10  2  427    0  300    0   11       0       0       0       0       0       0       0
  7 10  2  450    0  300    0   11   -1000                                                
  8  5 15  345    0  300    0   11                                                        
  9  8 13  669    0  300    0   11   0.570       0       0       0       0       0       0
  9  9  5  427    0  300    0   11       0       0       0       0       0       0       0
 10  8  9  669    0  300    0   11   0.546       0       0       0       0       0       0
 10  8 29  427    0  300    0   11       0       0       0       0       0       0       0
 11  5 15  345    0  300    0   11   


