single point
uw1             1.5811667E-02               1.0    0.0
uw2             2.2052939E-02               1.0    0.0
uw3             1.6756318E-02               1.0    0.0
uw4             2.1354136E-03               1.0    0.0
uw5             0.1496434                   1.0    0.0
fc1             7.4232603E-02               1.0    0.0
fc2             8.2803850E-02               1.0    0.0
fc3             3.5416649E-02               1.0    0.0
fc4             0.2838519                   1.0    0.0
fc5             0.3036081                   1.0    0.0
