single point
uw1             2.2227767E-02               1.0    0.0
uw2             1.8230369E-02               1.0    0.0
uw3             8.0641731E-03               1.0    0.0
uw4             2.4816358E-03               1.0    0.0
uw5             0.1345657                   1.0    0.0
fc1             7.9144912E-02               1.0    0.0
fc2             6.5631961E-02               1.0    0.0
fc3             3.9208637E-02               1.0    0.0
fc4             0.2245385                   1.0    0.0
fc5             0.3243652                   1.0    0.0
