single point
uw1             1.6309285E-02               1.0    0.0
uw2             2.8396962E-02               1.0    0.0
uw3             1.0738905E-02               1.0    0.0
uw4             2.0823176E-03               1.0    0.0
uw5             0.1648211                   1.0    0.0
fc1             5.9935641E-02               1.0    0.0
fc2             7.4998902E-02               1.0    0.0
fc3             4.5913167E-02               1.0    0.0
fc4             0.2983157                   1.0    0.0
fc5             0.3337992                   1.0    0.0
