  single point
           uw1    0.1500000000000000         1.000000         0.000000    
           uw2    0.1500000000000000         1.000000         0.000000    
           uw3    0.2600000000000000         1.000000         0.000000    
           uw4    0.2400000000000000         1.000000         0.000000    
           uw5    0.1900000000000000         1.000000         0.000000    
           fc1    0.3300000000000000         1.000000         0.000000    
           fc2    0.3300000000000000         1.000000         0.000000    
           fc3    0.4000000000000000         1.000000         0.000000    
           fc4    0.3900000000000000         1.000000         0.000000    
           fc5    0.3100000000000000         1.000000         0.000000    
